0.0 16
0.1 40
0.2 66
0.30000000000000004 93
0.4 82
0.5 139
0.6000000000000001 170
0.7000000000000001 180
0.8 216
0.9 240
1.0 265
1.1 298
1.2000000000000002 303
1.3 314
1.4000000000000001 355
1.5 387
1.6 450
1.7000000000000002 457
1.8 426
1.9000000000000001 453
2.0 0
2.1 0
2.2 0
2.3000000000000003 0
2.4000000000000004 0
2.5 0
2.6 0
2.7 0
2.8000000000000003 0
2.9000000000000004 0
3.0 0
3.1 0
3.2 0
3.3000000000000003 0
3.4000000000000004 0
3.5 0
3.6 0
3.7 0
3.8000000000000003 0
3.9000000000000004 0
